  -6.4808642e+00  -2.2870619e-02   9.8422383e-01   4.7726690e+00   2.0858186e+00
  -7.6859671e+00   4.0678407e-01   5.4454616e-01   1.6602788e+00   4.9876398e-01
   2.6957309e+00   2.7831232e-01   4.4884929e-01  -3.2696599e+00  -5.5380073e-02
  -1.1571181e+01   2.6444003e-01   1.6719600e-01   1.2404720e+00   3.3919309e-01
  -4.7584262e+00   2.5300634e-01   5.0609390e-01  -5.5732025e+00  -1.2079061e-01
  -9.8982656e+00   2.8334285e-01   6.2378363e-01   6.8503203e-01  -2.2249538e-01
  -3.0894356e+01  -1.6955894e-01  -2.5189543e-01  -3.2923258e+00  -6.9521369e-01
   7.0186941e+00  -4.1117894e-01  -8.5870744e-01  -2.8845303e+00  -1.6624109e+00
   1.9301955e+01  -5.4976704e-01   9.4880854e-02  -1.0715841e+01  -1.9554093e+00
   1.2910410e+01  -5.3182157e-01   1.0149295e+00  -6.7366313e-01  -3.1650377e-01
  -1.3185022e+01  -3.7594480e-01   5.9981271e-01   6.0410739e+00   5.8351571e-01
   6.9322100e+00  -4.9335944e-01   5.3601376e-01   2.2702483e+00   9.0034648e-01
   1.2746103e+01  -2.5431118e-01   1.2698222e+00   7.2666839e+00   1.8618361e+00
   1.0675740e+00   2.2089712e-01   5.7530183e-01   3.0323287e+00   8.2011290e-01
   5.6766737e-01   1.0381093e-01   1.0580597e+00   4.8184669e-01   6.4901947e-01
   1.9239370e+00  -2.2478241e-02   7.4629058e-01   9.1278568e-01   4.2071484e-01
  -8.9028728e+00  -2.5244593e-01   8.1776117e-01   4.0576093e+00   7.6001097e-01
   1.9560838e+00  -1.8975073e-01   4.9298483e-01   4.5411303e+00   1.6337763e+00
  -4.2585905e+00  -1.6418268e-01   9.3969642e-01   3.4382848e+00   1.2459140e+00
  -1.7794956e+00   3.0067996e-02   3.8568838e-01  -1.0591176e-02   5.3197565e-01
  -6.6456709e+00  -3.9116888e-01   1.1059457e+00  -9.6128255e-02   1.0175505e+00
   6.4508230e+00   2.2372076e-01   1.2042026e+00   6.0178198e+00   1.6413061e+00
   6.4569996e+00  -7.1804219e-02   5.3434800e-01   1.2332941e+00   8.9541835e-01
  -7.3830278e+00   1.4281550e-01   3.8000670e-01   1.6776324e+00   8.6400028e-01
   4.5131309e+00   2.5202994e-01   6.6456361e-01  -5.7863083e-01   9.5828841e-01
   2.7633313e-01   5.3329509e-01   4.8841447e-01  -1.0519667e+00  -4.4103622e-01
   4.9061565e+00   1.8748329e-01   8.8473741e-01  -4.8682638e-01   3.8591061e-01
  -2.8879228e+00   4.5541417e-01   1.0506086e+00  -2.1118951e+00   3.6168230e-01
  -7.5887695e+00   8.6567171e-01   7.0125322e-01  -1.1154738e+00   1.3338792e-01
   1.0425451e+01   1.2137116e+00  -1.1050647e+00  -9.9317212e+00  -1.0156230e+00
   8.1073652e+00   3.8801854e-01   5.0264910e-01  -3.9912310e+00  -6.8297700e-01
   5.5961474e+00   7.2554945e-01   7.9634430e-01   6.0700179e+00   7.0353015e-01
  -2.0577335e+00   4.7904262e-01  -8.4165846e-02   6.6034725e+00   2.3006909e-01
  -6.0438589e+00   9.2918620e-01   4.4693014e-02  -3.8880854e+00  -1.8133794e-01
  -1.4548272e+01   1.7227944e+00  -3.7977121e-01   3.9632729e+00   1.1810009e-01
   3.8400685e+00   1.4288928e+00  -1.6201676e-01  -4.6754752e+00  -5.8869436e-01
  -1.0749487e+01   1.2640704e+00   1.3703777e-01  -6.8864160e+00  -2.8251591e-01
  -3.6471798e+00   1.5982314e+00  -2.3142002e-01  -5.4302121e-01  -4.5724932e-01
   8.7108902e+00   1.4135704e+00   7.2475032e-01  -1.3942177e+00  -5.8057178e-01
   1.4765885e+01   1.0781380e+00   1.2773922e+00  -5.0815686e+00  -5.8739858e-01
   7.5070819e+00   1.0890798e+00   8.5784873e-01   1.5694727e+00   5.4543129e-01
   8.3881612e+00   9.2716952e-01   1.3388279e+00   6.9973394e+00   1.0458590e+00
  -2.4093004e+00   1.1453414e+00   1.6023370e+00   4.2213872e+00   8.5979190e-01
  -1.8044054e+00   1.1334416e+00   7.5544728e-01   7.3518958e+00   1.7793672e+00
  -4.7317662e+00   1.4208195e+00   4.1828396e-01   6.6317871e+00   1.4990366e+00
  -5.1012422e+00   1.2966413e+00   1.2176265e+00   2.2661080e+00   1.3135193e+00
   6.6500117e+00   1.4355162e+00   5.9169016e-01   6.5439806e-01   9.7395038e-01
  -2.8325904e-01   1.5660802e+00   6.6857006e-01  -6.0535870e-01   8.2466412e-01
   6.7238692e+00   1.3684878e+00   1.5101789e+00  -1.8253367e+00   5.9258152e-01
   5.2292611e+00   1.2161999e+00   9.2681728e-01   1.0417579e+00   8.6838894e-01
  -5.9632846e+00   1.0614678e+00   1.2556236e+00   6.6197401e-01   9.4060813e-01
   1.4078311e+01   1.1160603e+00   7.8077608e-01   1.1897220e+00   1.2116564e+00
   1.1485367e+01   9.9506920e-01   8.0769634e-01   2.4422838e-01   8.0034438e-01
   4.1781044e+00   1.0876934e+00  -8.5012512e-02   8.4099153e-03   4.5360551e-01
  -8.5878640e+00   1.0929674e+00   4.6163495e-01   8.4427140e-01   8.4235424e-01
   4.0748283e+00   8.9640613e-01   8.2182779e-01  -6.6166158e-01   1.1280607e+00
   1.7958393e+01   8.1367104e-01   1.2709857e+00  -3.2546339e-01   8.0300931e-01
   3.4451211e+00   7.3467667e-01   1.0047170e+00   9.4776746e-01   7.5905286e-01
   4.7954664e+00   7.5129081e-01   6.2069208e-01   7.6420476e-01   7.6658106e-01
  -2.6867818e+01   7.7225217e-01   6.0051995e-01   3.2993447e+00   1.4462932e+00
   4.1274361e+00   6.9077631e-01   1.2298728e+00  -2.2388679e+00   7.0141113e-01
   4.8714316e+00   7.0019517e-01   8.7522673e-01   8.9348708e-01   1.0991450e+00
  -1.4480031e+00   5.8836791e-01   1.1154180e+00  -1.1124618e+00   3.3742670e-01
   1.1058093e+00   6.0411965e-01   8.2718348e-01   1.4318769e+00   8.6771501e-01
   4.6906045e+00   1.0054478e+00   6.2080711e-01   1.6875796e+00   1.9333440e-01
   6.3822715e+00   1.0085331e+00   5.9316145e-01  -1.1127187e+00  -1.2629154e-01
   8.2136596e+00   9.9341014e-01   4.1012716e-01  -4.8164792e-01   2.9683679e-01
   1.3943084e-01   1.1958756e+00   8.6145486e-01  -1.9549754e+00   7.3635453e-01
  -4.9907809e+00   1.0461783e+00   6.0558482e-01   1.2599707e+00   6.6345239e-01
   4.1668885e+00   8.6621058e-01   5.0837522e-01  -2.2735916e+00   4.6400475e-01
  -1.6613626e+01   9.1424322e-01   8.5181917e-01  -2.4489132e+00  -7.0513088e-02
   6.8753325e+00   1.0115596e+00  -9.6695830e-02  -5.6146109e+00  -8.2795872e-01
   1.2069141e+01   8.7775862e-01  -8.4965125e-01  -3.5646141e+00  -1.1170672e+00
  -1.6079566e+00   5.8687208e-01   4.0972196e-01  -6.4870996e-01   1.4097231e-01
   3.8815165e+00   6.7936713e-01  -5.4560739e-02   9.9118690e-01   1.0209744e-01
   6.9657785e+00   5.2611574e-01   1.4063200e-02   7.4637938e-01   4.1191320e-01
  -3.5417235e+00   4.5249347e-01   1.6267352e+00  -8.8776869e-01   1.5402199e+00
   9.7111155e-01   5.3972225e-01   4.6520478e-01   3.1926404e+00   6.2568653e-01
   2.3529290e+00   2.6726036e-01   7.8208635e-01   6.0247163e-01   1.4165326e-01
   4.1381822e+00   3.1721507e-01   8.0658094e-01   1.8319752e+00   2.6445018e-01
   3.5467926e+00   1.8141984e-01   1.2709800e-01   1.0607955e+00  -6.2489964e-01
  -2.6353406e-01   1.6389791e-01   3.8682121e-01   9.9414453e-01   5.6347770e-01
   1.8055749e+00   1.8777587e-01   6.0288303e-01  -3.1328467e-01  -4.3908242e-02
   1.5274198e+00   1.2368221e-01   3.4879204e-01   3.5340359e+00   5.6155575e-01
  -4.6816447e+00   1.9963195e-01   5.8875926e-01   2.8664400e+00  -1.2135616e-01
  -5.9306186e-01   2.8002285e-01   5.1323568e-01   3.2361493e+00   1.2102567e+00
   3.6504473e+00   3.9501500e-01   5.4310461e-01  -1.0314293e+00   1.0870040e-01
  -1.3559605e+00   4.8277673e-01   3.7859203e-01   3.2680390e+00   5.3192082e-01
   7.8540358e+00   7.0677847e-01   2.8808713e-01  -3.2392062e-01   3.1658099e-01
   7.7238952e+00   7.8491370e-01   7.7541648e-01  -1.6820430e+00   1.6752459e-01
   6.3208460e+00   8.4912252e-01   3.3343344e-01  -3.9484385e-02   3.0779795e-01
   4.5489001e+00   7.9216508e-01   2.7982416e-01   1.3146714e+00   2.7632767e-01
   3.9970188e+00   7.5291371e-01   7.8932399e-01   6.5998853e-01   4.0985950e-01
   3.1357223e+00   7.2405400e-01   9.3749418e-01   3.1808000e+00   9.8960698e-01
   1.7773437e+00   7.6507509e-01   4.6935628e-01   2.1324730e+00   7.9559055e-01
   6.7503319e+00   8.1237185e-01   6.0793201e-01  -1.1919926e-01   5.5708652e-01
   1.3730158e+00   6.8338237e-01   5.0909428e-01   1.7858223e+00   8.4044756e-01
   1.4840514e+01   6.9238481e-01   5.1097533e-01   2.1235849e+00   9.8144027e-01
   5.9637833e+00   8.9834198e-01   9.3993110e-01   1.8849876e+00   9.2238922e-01
   1.5532084e+00   7.1382127e-01   7.8158602e-01   7.7286824e-01   1.5464654e+00
   1.1789335e+01   8.1820108e-01   7.4622263e-01   2.4208237e+00   1.5869817e+00
   2.0238886e+00   9.7756915e-01   1.0848072e+00   1.0820810e-01   1.2294999e+00
  -1.1641669e+01   8.8661465e-01   8.0169408e-01   1.7342284e+00   9.7205008e-01
   1.8224064e+01   7.4545570e-01   6.0063986e-01   3.1259893e+00   1.0582788e+00
   3.7567715e+00   8.2440827e-01   8.7998634e-01   1.2838918e+00   1.0921908e+00
   5.6789333e+00   6.8636844e-01   1.0267793e+00   4.9739987e-01   4.3792709e-01
  -7.6288930e+00   6.8899602e-01   9.5496347e-01   1.6036739e+00   8.0857366e-01
   1.2599590e+01   7.5008532e-01   1.4295409e+00   1.4616182e+00   1.5633225e+00
   8.6447343e-01   6.9440777e-01   1.0044809e+00   5.3954658e-01   2.4829541e+00
  -4.0928265e+00   7.1426209e-01   1.1126049e+00   2.7808350e+00  -1.0728807e-01
  -2.4870828e+00   8.1395191e-01   8.3426862e-01  -1.0465867e+00   1.0737910e+00
  -9.6396258e+00   8.4670469e-01   7.4812122e-01  -4.2389416e-01  -1.3382482e-01
  -1.3766180e+01   8.2420088e-01   2.0770397e-01  -3.7383259e+00   9.2268284e-01
   4.7740724e+00   6.3427842e-01   8.9921333e-02  -1.0372050e+00  -9.9326251e-01
  -1.6632171e+01   4.3809710e-01  -2.7712637e-01  -1.4904901e+00  -9.3355994e-01
   9.6963642e+00   2.9895686e-01   2.0989395e-02  -1.3948089e+00  -3.7623995e-01
  -1.6269377e-01   1.1728965e-01   3.2701563e-01   9.3949765e-01  -1.8205085e-01
  -1.4810592e+01   5.5206276e-02   8.7081250e-01   1.7197333e-01   5.4406088e-01
  -1.9372150e+01   2.2663721e-02   2.9981396e-01   1.1430773e-01  -2.5940635e-01
   7.7764004e+00  -4.0350742e-03   6.1652638e-01  -1.0338641e+00  -2.2320375e-01
  -3.4891303e+00  -1.3563597e-01   8.5810701e-01  -4.5818370e-01  -3.4953229e-01
   1.4056865e+01  -1.1286585e-01   2.9704503e-01   1.0237183e+00   9.8443835e-01
   2.3750403e+00  -1.1454840e-01   1.0933788e+00   2.7028401e+00   5.7383200e-01
   1.1255406e+01  -2.8035894e-01   3.9082530e-01   2.1088010e+00   8.1595864e-01
   1.4491979e+00  -2.8278699e-01   7.8632424e-01   3.0852900e-01  -3.0063101e-01
   1.4291244e+00  -3.5749630e-01   4.4901772e-01   2.3432085e+00   9.0304885e-01
  -2.2737023e+00  -4.0730106e-01   6.8022264e-01   1.3246842e+00   1.1042485e+00
   8.3034964e+00  -2.6158385e-01   8.9864001e-01   1.6973888e+00  -1.2934440e-01
  -2.8260700e+00  -2.6155943e-01   2.7704227e-01   1.7830578e+00  -9.0105913e-02
   6.1942769e-01  -1.4745607e-01   7.0902451e-01  -3.9441839e-01   2.3445835e-01
   2.6685490e+00   1.9186521e-02   1.0034182e+00   7.2881868e-01   5.0622788e-01
   1.0813777e+00  -3.3144575e-02   6.5317452e-01   1.0155851e+00   1.6389740e-01
   3.0017147e+00   1.2685290e-01   4.3495758e-01   1.8102239e+00   1.4061857e+00
  -2.6690111e+00   3.1689993e-01   5.0502634e-01  -1.1901451e+00  -4.0116665e-01
   4.2603118e+00   2.9466024e-01   4.1996411e-01  -6.5743916e-01  -1.6544684e-01
   5.2252763e+00   4.6716556e-01   1.5704787e-01  -1.2929623e+00   1.1702731e+00
  -6.3605296e-01   6.8013118e-01   3.7954139e-01  -1.2539168e+00   1.1333060e+00
   4.8723923e+00   2.9107696e-01   1.7870783e-01   2.0171909e-01  -3.7378835e-01
   9.4589919e-01   5.4324932e-01   4.3723754e-01  -9.5422621e-01  -2.7453228e-01
  -4.2582412e+00   5.0923443e-01   7.4061900e-01  -1.6819043e+00   5.2375014e-01
  -1.0352818e+01   3.1372524e-01   5.4340189e-01  -3.7876906e+00   3.9727675e-01
  -3.1994930e+00   8.7850273e-02   7.7897880e-01  -1.7913282e+00  -7.5856532e-01
  -9.0898800e+00  -4.4505331e-02  -1.9539460e-01  -3.2953129e+00  -7.4315318e-01
  -2.4793375e+01  -3.2043374e-01  -2.3013459e+00  -8.6066860e+00  -9.2175587e-01
  -1.1725860e+01  -1.4044407e-01  -1.0744609e+00  -9.5598884e+00  -4.1928837e+00
   1.4741692e+01  -1.2532940e-01   1.1039048e-01  -5.5279148e+00   3.5025852e-01
   1.4462339e+01  -1.1775677e-01   7.4311300e-01   3.0128125e-01  -5.3581847e-01
   5.8502290e+00  -1.2371966e-01   3.5549750e-01   4.0601948e+00   7.2491881e-02
   5.2171398e+00  -1.9936839e-01   4.0247730e-01   1.0767412e+00  -8.3476796e-01
  -1.2174135e+01  -1.3328833e-01   1.8060060e-01   3.6941033e+00   1.2538582e+00
   1.0663119e+01  -3.3909988e-01   3.9886974e-01   2.4882628e+00   4.2494986e-01
   1.0182406e+01  -2.4840984e-01   3.6194611e-01   8.2108620e-02  -3.3511147e-02
   5.7181750e+00  -4.2944792e-01   6.3979818e-01  -1.3990579e+00   8.8440198e-01
   8.9916304e-02  -4.2885684e-01   5.7792202e-01   1.7734714e+00  -3.7031959e-01
  -1.4940404e+01  -5.0781313e-01   5.7719964e-02   1.4711942e-01   1.4967472e-01
   1.1165474e+01  -5.5438853e-01   9.2642544e-03   5.4245762e+00  -9.1049088e-01
   1.1837459e+01  -2.7012166e-01   6.0422098e-01   1.6533718e+00   1.7906346e+00
  -2.8109469e+00  -5.8830971e-01  -7.4966464e-02   1.1738766e+00   9.3301445e-03
   6.1329850e+00  -3.7359630e-01  -2.8049522e-01  -2.9253731e-01  -2.0539511e-01
  -3.9804311e-01  -3.9953535e-01   1.9664430e-01  -2.8353249e-01   1.7930158e+00
   1.0061689e+01  -4.6477177e-01   1.7315198e-01   2.6894637e+00  -8.9040720e-01
   2.8576844e+00  -3.6396347e-01  -2.3977001e-01   4.1903063e-01   5.5615885e-01
   5.1038408e+00  -3.3147394e-01   2.0428998e-01   2.0296391e+00  -3.7066021e-01
   9.9821636e+00  -4.4270517e-01   5.7010334e-01   9.5469963e-02   3.0280899e-01
   1.7810839e+00  -4.6718168e-01   3.4163723e-01  -5.5628744e-01   1.5521913e+00
   5.0923410e+00  -3.3046299e-01   6.0204068e-01   3.1357508e+00  -3.3526709e-01
   1.1150582e+00  -5.3873703e-01   7.3057192e-01   1.3500771e+00   4.2593521e-01
   4.8097703e+00  -4.4084332e-01   6.2614176e-01   5.5149461e-01   1.1767283e+00
   9.3938331e-01  -2.6381148e-01   2.8345792e-01   2.1905038e+00   1.3349824e+00
   2.7514965e-01  -1.4073409e-01   5.1100136e-01   7.3712620e-02   4.3910409e-01
  -6.6691893e+00  -4.8619374e-01   4.9218249e-01  -2.7538121e-01   3.4198973e-01
   6.7672664e+00  -2.5780117e-01   3.3277685e-01  -1.3778653e+00   4.1128809e-01
   1.2663574e+00  -5.0416157e-02   6.0682575e-01  -7.3094557e-01   1.7430516e-01
   2.3574057e+00  -7.8761993e-02   6.4015453e-01  -3.3891463e-01  -3.2724243e-01
   3.7045395e+00  -4.6029124e-01   4.6917834e-01   4.1463673e-02   4.1046163e-01
   3.6421342e+00  -1.6420391e-01   4.5266822e-01   1.0773200e+00   5.2724789e-01
   5.7393172e+00  -2.9479596e-01   3.4322646e-01   5.8536773e-01   7.0608952e-01
   2.8074217e+00  -3.6354238e-01   4.3817811e-01   1.2218870e+00   4.6143163e-01
   4.1272221e+00  -1.1596047e-01   2.6214752e-01   1.3168334e+00   6.1646143e-01
   6.1267295e+00  -2.3967841e-01   6.9633189e-01   4.3261926e-01   7.9266413e-02
  -1.1542235e+00  -2.7240822e-01   2.7331519e-01   1.2043037e+00   6.8529977e-01
   2.9132416e+00  -7.7326059e-02   4.3901772e-01   2.4323117e-01  -2.7774944e-01
   6.9008996e+00  -2.6385509e-01   7.7925035e-01   2.2194924e+00   6.1060595e-01
  -1.5121487e+01   6.0187503e-02   4.0020276e-01   5.7903908e-01   4.1814439e-01
